# DEFAULT_DIST2 = [[[0.05, 0.462, 0.943, 1., 1., 1., 1., 1., 1., 1., 1., 1.],
#                   [0.179, 0.863, 1., 1., 1., 1., 1., 1., 1., 1., 1., 1.],
#                   [0.044, 0.917, 1., 1., 1., 1., 1., 1., 1., 1., 1., 1.]],
#
#                  [[0.018, 0.149, 0.526, 0.86, 0.992, 1., 1., 1., 1., 1., 1., 1.],
#                   [0.022, 0.235, 0.731, 0.968, 1., 1., 1., 1., 1., 1., 1., 1.],
#                   [0.012, 0.197, 0.683, 0.977, 1., 1., 1., 1., 1., 1., 1., 1.]]]
#
# DEFAULT_TIMES2 = np.array([[3, 2, 2], [5, 4, 4]])
# DEFAULT_EDIST = [[[0.5, 0.5], [0.5, 0.5], [0.5, 0.5]],
#                  [[0.5, 0.5], [0.5, 0.5], [0.5, 0.5]]]
# DEFAULT_ETIMES = np.array([[1, 1, 1], [1, 1, 1]])


# DEFAULT_DIST2 = [[[0.041, 0.387, 0.891, 1., 1., 1., 1.],
#                               [0.52, 1., 1., 1., 1., 1., 1.]],
#
#                              [[0.078, 0.517, 0.94, 1., 1., 1., 1.],
#                               [0.065, 0.513, 0.953, 1., 1., 1., 1.]]]
# DEFAULT_TIMES2 = [[3, 1],
#                   [3, 3]]
#
# DEFAULT_EDIST = [[[0.5, 0.5], [0.5, 0.5]],
#                  [[0.5, 0.5], [0.5, 0.5]]]
# DEFAULT_ETIMES = np.array([[1, 1], [1, 1]])

# DEFAULT_DIST2 = [[[0.036, 0.247, 0.648, 0.94, 0.997, 1., 1., 1., 1.],
#                   [0.394, 1., 1., 1., 1., 1., 1., 1., 1.]],
#
#                  [[0.015, 0.345, 0.909, 1., 1., 1., 1., 1., 1.],
#                   [0.047, 0.719, 1., 1., 1., 1., 1., 1., 1.]]]
# DEFAULT_TIMES2 = [[5, 1],
#                   [3, 2]]

DEFAULT_DIST2 = [[[0.036, 0.67, 1., 1., 1.],
                  [0.394, 1., 1., 1.,1.]],

                 [[0.015, 0.345, 0.909, 1., 1.],
                  [0.047, 0.719, 1., 1., 1.]]]
DEFAULT_TIMES2 = [[2, 1],
                  [3, 2]]
DEFAULT_EDIST = [[[0.5, 0.5], [0.5, 0.5]],
                 [[0.5, 0.5], [0.5, 0.5]]]
DEFAULT_ETIMES = np.array([[1, 1], [1, 1]])